5 3 6 20 10 5 3 7 13 0 0 14 8 14 15 24 7 11 9 14 4 4 10 6 12 2 11 10 8 2 9 1 1 9 0 10 0 2 12 1 2 7 5 2 1 0 12 2 1 15 8 11 7 6 12 6 10 3 2 3 9 0 2 7 4 8 6 9 6 4 10 12 0 14 1 2 8 6 8 10 6 13 8 10 2 1 6 8 19 3 9 4 14 20 4 17 4 9 8 3
7 8 9 3 10 1 6 2 15 3 13 3 0 8 29 0 7 8 8 19 2 15 0 13 6 0 15 15 9 15 0 4 4 1 2 24 2 8 15 8 42 57 63 49 53 61 51 48 44 49 4 9 10 5 1 1 8 0 4 4 20 14 10 5 15 5 0 1 4 2 7 6 5 20 4 6 2 15 2 11 8 7 12 23 13 18 7 0 10 8 52 65 61 54 48 54 59 50 58 51
0 0 16 16 21 4 15 2 6 4 11 1 2 13 2 24 0 7 9 7 1 7 5 9 16 16 4 7 5 10 14 3 4 7 2 2 14 1 8 3 51 63 45 49 55 44 44 48 51 61 3 4 21 2 36 10 16 10 6 8 2 9 10 14 9 2 20 5 10 3 12 4 1 10 3 11 1 9 10 15 0 13 8 25 7 6 15 4 0 2 47 64 51 49 77 41 46 51 50 42
16 3 6 14 13 7 1 7 7 13 13 3 4 4 15 5 4 2 8 16 9 3 3 9 11 10 23 4 17 7 7 8 6 13 3 4 4 5 5 7 47 47 57 52 50 49 45 48 41 47 0 15 3 8 17 0 3 4 10 1 15 0 1 11 8 5 32 18 0 18 10 9 1 0 15 3 13 24 5 4 5 2 14 2 3 10 3 7 4 26 51 41 45 48 51 41 60 52 46 46
7 15 9 6 0 5 14 3 18 23 0 0 5 3 4 7 0 0 3 3 1 4 16 5 10 2 8 5 7 7 2 9 14 7 3 2 0 3 0 1 43 62 40 44 61 56 51 63 43 44 10 12 10 8 5 12 6 18 0 6 13 7 0 2 0 19 5 5 5 1 15 10 3 6 9 11 20 3 7 7 6 1 15 8 8 6 0 0 9 8 49 61 44 46 67 46 61 59 50 48
13 8 5 1 9 5 5 1 12 9 4 8 14 1 12 6 8 6 4 22 17 3 10 11 14 11 0 13 9 0 7 4 3 7 7 0 18 6 3 18 51 59 48 61 50 42 49 46 55 61 0 2 6 5 16 11 3 0 2 4 0 6 5 14 9 17 13 0 3 1 12 9 0 6 6 4 9 19 0 22 5 18 9 7 5 0 1 10 12 1 51 47 60 51 45 41 50 56 53 46
1 5 3 11 7 0 10 6 4 2 4 0 3 5 9 9 2 3 6 1 9 4 15 0 0 10 12 5 8 1 13 0 6 4 4 7 0 5 7 6 52 52 64 57 54 65 57 51 53 51 15 5 6 6 6 11 1 8 4 14 8 1 6 1 11 6 14 3 2 5 0 8 6 11 12 4 4 13 17 1 7 4 12 3 0 17 0 20 10 0 49 43 48 49 64 52 63 54 49 50
20 2 11 16 15 13 2 4 1 7 1 3 13 6 5 20 1 10 24 8 1 16 0 1 4 7 13 8 12 0 7 8 5 6 16 0 2 5 2 8 53 46 65 40 60 51 53 59 49 45 0 11 16 8 4 1 12 1 9 15 8 8 9 7 4 8 11 6 15 1 4 0 16 6 12 8 8 15 3 1 2 9 6 2 18 6 13 18 10 3 53 51 69 42 62 63 49 52 46 55
6 0 18 4 0 4 6 8 9 16 13 7 19 0 1 12 0 7 16 7 13 2 13 22 11 0 6 13 3 14 8 1 4 2 11 5 7 13 20 6 64 48 45 51 49 54 69 65 45 47 10 2 5 4 5 0 13 23 6 12 9 2 3 2 4 2 6 12 2 5 8 9 1 2 5 9 1 1 17 1 9 5 4 10 13 4 2 13 2 10 47 45 48 51 50 40 50 48 49 50
5 13 4 19 3 1 11 4 5 10 5 16 21 2 0 7 2 1 8 10 14 9 0 12 8 11 16 8 5 0 6 3 0 7 15 21 0 0 2 13 47 56 57 48 51 55 55 58 43 46 6 19 3 5 7 3 1 4 0 6 17 0 7 4 23 2 7 0 7 8 17 18 17 12 14 3 5 6 7 2 12 3 10 9 4 9 17 6 4 1 66 50 59 49 62 44 49 50 56 45
1 0 10 2 6 26 4 13 7 1 1 7 0 1 6 4 16 7 15 6 5 5 1 11 16 4 16 4 12 5 4 5 9 10 6 4 3 5 7 3 41 54 49 45 66 51 42 53 47 60 2 0 15 0 4 8 9 10 3 2 3 11 7 19 19 5 15 10 8 13 5 0 3 3 8 5 10 6 8 0 0 5 9 2 15 1 8 7 8 14 41 44 55 53 50 40 63 44 49 50
8 8 4 3 9 6 11 23 15 19 3 12 14 0 4 3 1 12 27 15 4 22 1 2 4 9 0 0 9 1 3 3 15 8 3 1 8 8 0 26 54 51 60 45 54 51 43 54 48 48 7 2 4 9 5 3 0 2 0 1 2 6 9 21 14 9 21 5 3 4 3 1 10 13 20 8 4 10 8 19 7 4 16 14 19 1 0 6 3 8 58 43 50 57 50 50 46 62 52 60
3 7 14 7 8 20 10 8 17 5 0 5 10 0 8 7 7 10 8 2 6 11 0 0 15 2 2 9 10 6 1 8 12 7 20 7 6 1 1 6 46 59 60 64 43 62 44 47 47 45 1 1 7 2 25 11 19 7 8 17 9 0 8 11 28 23 1 2 7 2 10 18 4 2 11 14 3 8 0 4 4 1 5 14 2 5 5 4 17 8 48 50 50 62 51 62 45 62 58 47
12 4 0 8 3 4 1 21 20 13 0 6 1 10 4 2 1 3 3 8 9 2 6 8 1 4 0 7 3 1 17 1 4 1 2 5 5 4 3 3 46 48 53 45 46 51 55 57 43 50 4 4 1 2 11 7 5 7 15 7 10 3 1 14 0 0 0 2 2 1 2 2 5 0 9 0 1 3 1 8 7 6 13 4 1 1 1 1 11 2 56 42 56 51 53 48 53 53 45 46
3 9 3 6 5 13 7 2 6 18 4 1 9 9 21 14 1 5 8 15 3 8 3 7 4 11 5 4 11 18 0 6 2 7 5 6 2 2 2 3 58 48 57 49 49 54 42 54 53 45 1 9 12 0 3 7 3 5 3 6 8 2 5 1 0 12 6 6 15 15 8 6 7 19 11 2 7 0 21 1 11 10 9 13 5 15 5 11 18 6 49 54 49 52 48 55 46 47 58 46
11 10 2 6 1 0 3 2 20 6 3 4 3 5 8 1 4 0 23 4 2 14 3 2 1 21 2 11 2 10 6 6 13 15 6 17 0 15 9 22 55 46 53 46 61 63 46 56 49 48 6 14 1 9 6 22 11 7 7 11 7 8 9 6 0 0 14 15 0 0 4 6 8 8 24 11 2 12 10 14 6 11 10 8 0 5 5 12 0 7 49 48 46 61 45 50 57 53 59 51
10 20 8 17 1 1 1 1 3 2 18 3 2 5 1 15 8 4 1 2 17 15 3 13 19 10 7 9 2 19 1 10 2 15 1 16 0 13 7 5 49 50 48 56 52 48 50 42 60 51 6 7 10 2 10 16 2 4 12 2 0 3 10 1 11 11 12 6 8 13 5 1 3 8 11 4 10 7 10 17 3 6 3 7 11 10 16 2 7 7 50 47 58 44 48 48 43 51 50 45
5 6 3 3 13 3 3 0 0 6 5 5 10 1 11 6 12 4 5 10 3 3 19 12 11 9 18 10 22 1 13 0 12 5 5 6 12 5 10 9 47 53 50 51 51 66 58 47 44 50 5 3 7 8 22 17 6 4 2 22 6 15 1 14 19 9 12 26 19 1 6 11 3 0 17 2 2 4 3 2 14 7 1 12 0 15 17 3 20 11 47 67 50 57 43 53 55 42 52 53
8 11 11 15 6 9 8 9 6 10 6 3 11 12 11 9 10 9 10 4 2 3 3 8 2 10 10 6 13 14 12 1 3 8 23 1 9 16 9 3 62 50 44 50 47 67 45 49 48 50 2 6 3 11 6 12 7 7 3 1 3 4 0 18 7 4 1 3 0 12 18 11 1 6 2 2 3 9 6 6 22 4 1 1 3 2 14 23 11 9 47 70 59 57 40 54 42 46 49 48
6 8 8 9 2 3 8 4 13 12 13 4 11 0 9 0 4 0 3 7 5 9 2 0 6 4 7 8 11 13 14 4 27 4 13 9 6 1 7 5 47 48 44 57 64 63 52 44 56 59 5 5 6 4 0 2 0 1 9 0 9 19 3 5 9 1 16 4 4 2 18 22 9 16 11 3 4 4 14 2 8 12 7 31 6 3 2 9 6 10 56 51 52 48 56 52 53 60 44 65
6 2 15 8 9 4 19 2 23 4 4 17 12 6 11 3 0 18 4 3 9 5 3 6 19 5 6 3 8 9 0 4 0 7 8 6 0 0 4 2 49 52 45 46 62 56 49 51 41 44 10 0 13 2 1 25 1 10 8 7 2 10 1 35 25 8 2 14 2 10 2 7 13 0 6 5 11 2 13 10 17 5 32 15 0 9 5 5 6 10 52 46 60 44 52 51 53 52 43 44
10 1 10 3 20 6 3 3 6 8 5 7 3 4 4 7 13 6 12 18 9 2 1 13 3 2 7 4 5 5 1 7 8 6 1 7 13 11 15 8 45 49 52 53 58 45 48 46 45 45 23 0 19 8 2 0 10 4 21 7 9 1 8 5 4 7 7 23 2 7 10 5 3 15 6 13 5 6 8 3 2 12 5 7 12 0 7 6 9 8 56 50 64 50 51 56 44 47 54 64
4 21 10 12 10 0 0 11 10 4 3 2 10 9 15 6 6 13 8 6 15 14 30 4 3 16 11 6 1 1 1 18 13 7 12 11 4 8 0 17 59 57 47 49 42 51 47 45 57 72 15 1 10 12 2 11 3 2 0 2 11 18 6 16 4 5 8 2 6 1 2 14 6 10 8 0 17 24 4 2 14 12 11 8 5 2 3 6 5 3 51 56 48 48 52 43 47 50 45 57
0 20 26 4 2 1 6 9 11 4 4 4 1 21 8 0 11 0 15 4 4 2 1 4 5 14 3 3 19 2 6 17 3 3 3 12 2 0 9 4 52 47 42 54 50 60 58 66 55 47 9 12 12 17 10 6 1 19 12 6 1 3 5 1 6 6 9 4 1 1 5 12 1 4 6 16 2 6 11 4 14 8 3 14 13 5 4 9 12 13 53 55 65 54 49 52 61 56 61 51
18 15 5 14 5 14 12 7 3 1 2 22 1 3 16 10 16 20 0 8 2 0 11 12 8 17 11 4 2 14 8 9 3 1 2 0 4 9 2 0 56 62 57 50 53 50 59 42 52 49 9 8 7 0 8 2 12 28 32 14 6 4 11 10 15 1 1 9 7 1 11 6 15 8 0 17 7 9 0 0 17 8 11 5 0 4 8 3 2 11 66 60 50 47 49 57 48 54 52 45
5 5 27 4 12 7 5 18 0 18 1 6 1 2 2 10 2 12 2 6 1 11 3 3 0 3 10 16 12 6 5 15 8 18 4 1 1 1 6 3 46 51 51 56 56 49 47 53 48 58 7 6 7 8 0 3 20 6 14 14 3 0 6 6 4 12 8 16 6 11 10 12 19 1 11 22 16 1 4 0 4 4 15 12 13 1 4 4 0 21 51 54 45 48 43 51 56 49 45 51
2 6 2 6 2 5 8 2 2 2 1 7 5 1 4 15 4 18 0 1 1 2 12 0 8 20 8 6 6 2 9 9 2 14 5 4 2 2 6 8 51 56 51 51 51 60 58 48 50 54 15 2 6 1 7 2 29 10 0 3 13 3 6 8 1 6 7 9 0 3 6 11 13 13 1 0 2 6 7 6 15 20 15 15 13 18 4 3 12 1 45 52 54 62 44 57 62 54 61 53
5 0 2 1 4 10 0 1 0 12 10 8 1 1 5 0 2 16 5 1 18 9 1 9 6 6 5 2 6 14 8 14 7 11 17 11 19 18 9 5 55 45 50 66 51 49 58 52 46 51 9 0 12 0 10 6 0 7 2 18 8 12 6 8 9 0 2 0 1 2 15 12 12 21 1 4 11 2 10 11 10 15 0 7 1 10 4 1 10 22 57 56 51 51 55 63 44 55 54 50
8 19 4 5 5 0 17 15 4 8 3 4 10 4 2 2 6 0 5 1 10 14 15 0 1 13 7 7 4 15 1 2 15 14 5 1 15 1 2 22 51 62 53 45 48 49 44 70 50 49 0 3 2 9 11 13 10 10 14 5 5 7 17 3 3 11 13 1 14 8 11 2 7 2 15 14 3 1 1 2 3 8 15 7 14 10 3 16 8 16 45 49 52 56 48 60 51 62 51 63
5 6 3 2 0 5 3 6 9 0 12 2 9 4 9 3 11 3 12 2 13 19 7 0 15 3 10 1 8 12 9 4 5 9 18 7 1 12 7 0 49 53 50 59 52 43 47 47 41 52 5 2 4 3 10 3 17 6 3 8 1 7 16 20 6 5 11 33 8 0 10 9 0 3 0 20 4 11 3 5 0 1 15 6 1 8 3 2 4 13 47 49 66 45 41 66 44 52 46 54
2 14 13 7 11 15 3 5 2 5 0 2 7 10 15 10 7 2 2 1 14 1 10 7 0 8 6 4 16 8 4 9 15 3 2 24 6 16 22 7 42 46 54 48 55 48 59 48 61 60 20 14 10 9 12 12 0 3 1 5 8 9 14 2 13 2 6 1 1 3 9 16 10 3 6 0 8 7 10 2 20 16 4 1 10 2 15 1 2 8 52 53 56 52 49 47 53 43 67 51
8 1 6 11 4 1 22 18 1 0 18 13 3 4 15 15 6 7 5 9 16 9 7 17 2 3 5 7 8 20 6 6 0 0 0 5 8 2 7 3 48 56 45 43 49 51 45 56 58 51 1 13 10 22 9 9 9 11 11 10 9 14 6 14 16 13 0 1 16 19 18 4 16 4 2 1 5 0 15 13 7 0 0 8 14 3 2 4 3 7 62 70 42 45 50 60 42 54 49 62
2 19 0 6 1 7 4 2 8 12 9 13 7 5 10 16 8 9 5 0 3 9 9 1 8 1 3 6 4 8 4 6 1 1 1 5 15 16 4 3 47 46 67 53 50 46 48 50 65 58 5 6 5 14 0 3 4 13 9 0 6 0 4 4 11 13 2 22 10 1 11 9 4 9 1 9 23 4 2 9 19 1 0 10 5 1 18 8 0 15 52 60 47 48 49 47 46 51 52 57
15 6 7 9 4 15 7 11 12 14 13 7 8 13 3 3 8 14 11 0 8 5 5 5 2 3 13 2 15 7 12 2 11 22 26 11 10 27 1 3 46 53 60 56 45 60 55 44 46 47 8 20 10 3 2 11 17 3 3 15 20 0 2 13 1 9 1 1 11 13 11 13 2 8 13 18 8 6 14 12 17 9 14 11 4 3 0 8 0 5 49 57 52 57 53 46 49 53 55 56
15 14 3 2 0 9 0 6 1 10 3 1 15 7 15 12 11 5 6 5 0 5 6 9 11 6 5 12 4 11 5 0 5 19 1 6 12 21 1 0 49 49 45 62 48 57 41 46 57 47 14 5 2 6 7 1 10 2 0 2 11 1 6 8 8 14 9 4 0 16 12 2 0 7 9 6 20 3 10 13 6 2 4 4 6 17 14 13 1 13 54 63 47 61 56 50 44 46 50 43
8 13 9 3 12 2 9 3 4 8 17 9 8 17 18 0 11 4 5 2 5 8 7 17 8 0 5 9 10 2 11 2 16 0 4 10 10 10 8 1 50 51 43 47 57 54 53 47 46 61 3 1 18 6 1 2 6 19 3 4 0 7 9 18 14 6 17 8 12 7 1 8 3 13 3 11 20 4 8 6 4 10 5 7 4 16 9 7 9 11 61 53 52 47 50 64 45 47 54 42
2 18 8 7 3 12 14 1 8 7 16 19 17 0 12 0 23 6 7 5 3 2 3 15 0 7 0 5 1 13 10 0 0 8 2 8 2 14 12 4 53 47 51 57 47 59 44 58 44 54 9 4 2 4 1 4 2 12 2 4 6 8 4 7 3 10 2 9 2 4 13 1 4 16 6 3 5 0 16 0 11 5 9 4 2 7 15 13 2 7 56 45 43 70 49 53 58 55 54 53
1 2 0 11 7 2 17 1 6 16 15 9 3 9 0 10 11 4 1 6 22 5 20 5 0 12 6 11 11 20 6 4 3 13 2 15 4 1 25 7 42 46 56 50 47 68 63 47 58 45 8 29 6 10 8 9 2 6 6 1 9 3 1 10 7 2 18 8 9 8 0 8 13 9 3 2 5 2 12 1 20 15 1 1 10 2 2 1 19 23 46 54 61 46 55 48 52 46 55 54
2 13 9 21 10 11 4 4 1 3 4 13 14 2 7 8 6 5 2 7 18 25 3 8 2 19 17 0 7 0 3 10 7 0 13 31 2 6 2 7 51 46 52 50 48 62 48 47 51 58 2 0 9 1 11 1 5 6 3 1 6 8 0 2 13 21 5 1 6 2 22 8 20 11 6 4 0 0 1 16 0 6 3 1 2 0 2 16 2 10 57 51 48 49 57 47 54 45 57 57
3 3 7 13 2 15 7 17 1 7 9 14 3 27 2 6 5 11 9 0 9 0 1 3 12 3 6 10 12 11 6 3 6 1 2 1 1 1 3 0 56 65 53 49 51 49 53 56 48 47 5 1 2 15 12 4 13 3 6 26 10 5 0 1 12 8 3 5 10 11 4 25 0 12 13 6 21 9 1 1 7 12 6 19 8 2 7 14 9 9 51 57 45 63 53 52 49 52 62 47
10 6 9 8 14 11 9 8 23 11 3 6 0 5 14 6 19 7 3 1 7 11 8 4 3 16 12 3 9 16 10 25 4 12 11 2 16 9 22 1 50 54 56 52 80 68 47 69 46 62 29 5 9 10 16 2 3 3 4 2 1 3 4 2 1 4 5 4 2 17 8 8 1 7 2 11 9 6 1 2 13 11 12 0 0 5 11 17 0 23 57 60 54 64 56 45 56 53 58 56
0 13 1 9 16 7 11 18 7 3 0 2 9 6 7 2 7 5 0 3 6 5 16 17 12 9 7 0 11 3 4 2 5 10 3 9 0 8 3 10 43 51 49 54 43 52 50 64 53 44 4 6 2 0 24 13 8 9 0 3 10 6 4 12 8 1 11 1 0 8 2 8 12 8 10 1 8 10 7 12 15 2 4 1 14 3 12 22 6 4 53 56 53 51 42 49 58 55 61 46
5 3 8 5 6 3 10 12 1 0 7 21 6 14 5 2 12 3 1 9 13 0 0 5 24 7 7 15 0 2 12 5 9 10 5 3 1 1 7 3 56 56 50 50 51 50 44 57 47 40 6 0 10 0 6 3 8 1 9 1 4 20 2 2 4 16 5 10 16 1 11 25 13 6 5 5 0 4 10 6 4 12 4 15 3 10 3 1 5 15 65 49 55 63 55 51 44 48 57 40
9 2 9 9 1 0 3 11 18 9 1 0 7 4 10 14 4 3 4 1 0 4 3 17 1 5 10 3 2 3 5 9 4 22 8 0 5 6 2 22 48 63 45 49 51 49 51 47 40 50 1 15 1 3 9 1 8 3 5 9 1 5 0 15 11 8 6 5 9 8 11 0 0 9 2 0 4 6 12 15 10 11 7 22 11 4 7 0 4 5 58 57 53 59 52 43 56 46 58 54
1 12 3 9 5 24 10 18 8 4 7 9 1 9 9 0 5 7 2 1 1 1 4 2 5 2 4 2 10 6 5 1 1 16 6 4 8 5 8 0 47 54 49 46 58 52 45 50 74 56 4 2 6 11 17 10 1 3 0 12 4 25 4 0 3 9 6 8 17 9 11 8 24 0 11 3 10 0 11 15 3 2 0 2 16 13 9 17 4 3 45 46 55 57 51 60 50 45 48 51
2 1 0 1 2 10 9 17 3 3 3 8 0 10 2 6 19 0 5 4 15 13 0 1 3 9 18 5 1 6 1 0 3 22 7 5 8 6 0 12 43 47 75 48 49 70 61 51 52 45 10 8 15 8 2 7 15 1 14 17 7 0 10 1 4 7 10 12 10 18 3 1 12 6 3 0 3 5 2 13 5 9 16 1 3 3 13 6 3 3 50 47 56 48 45 63 57 55 44 44
6 8 17 5 2 10 8 24 5 7 2 9 9 15 6 3 21 7 7 17 5 0 0 5 4 1 3 8 7 28 17 1 4 2 4 5 9 4 8 9 52 49 42 47 56 56 57 46 49 45 0 3 18 1 18 2 16 4 1 12 10 20 14 8 1 10 8 0 5 5 11 13 8 3 4 3 9 0 3 29 14 11 3 17 9 14 18 9 1 6 48 48 42 48 60 41 51 45 67 53
12 14 15 5 5 5 8 16 14 18 10 7 11 11 0 6 4 14 7 16 1 13 7 5 0 11 4 14 10 1 10 7 11 0 2 17 11 22 3 9 57 59 44 50 55 49 43 59 56 56 5 6 8 4 1 8 6 12 3 14 2 8 11 11 13 7 7 1 13 7 5 3 31 10 14 17 13 1 11 0 5 14 4 13 10 5 10 3 1 4 50 54 49 50 57 49 55 49 60 56
2 8 4 18 3 5 3 8 2 1 6 17 5 4 11 5 2 2 0 15 7 0 3 3 3 5 2 8 6 2 0 13 13 4 6 3 5 6 10 0 45 49 53 47 48 60 56 65 46 43 12 7 10 18 4 20 0 20 4 2 2 17 7 8 5 4 5 1 9 2 1 7 21 7 3 13 7 7 12 4 4 1 1 1 2 5 8 3 5 16 48 41 46 50 49 50 58 52 49 59
15 2 3 0 9 22 4 2 21 7 15 4 8 1 3 11 13 1 10 18 12 0 11 8 13 10 1 5 5 0 9 7 9 6 0 16 10 10 9 3 57 56 49 53 66 52 44 54 50 61 6 17 16 6 24 0 9 4 4 5 15 3 8 15 1 1 0 6 5 3 3 5 0 2 6 3 0 3 18 8 14 7 5 1 3 4 7 5 6 11 43 45 50 48 49 61 45 42 44 45
4 1 3 8 7 13 0 8 1 5 1 3 8 6 22 14 0 10 13 0 3 9 7 8 3 3 6 4 19 8 3 10 6 5 16 16 0 8 7 5 46 62 50 55 46 51 68 49 45 51 21 11 6 3 15 2 6 8 11 2 3 3 0 8 9 7 26 0 7 3 17 6 2 8 15 9 10 7 2 9 18 17 1 7 2 17 5 1 17 9 45 58 52 59 46 56 43 46 68 45
2 11 16 3 6 2 22 4 3 1 0 2 0 5 14 1 0 16 0 1 0 10 6 0 2 8 15 2 12 12 10 3 14 5 3 15 6 30 1 5 56 60 57 61 52 49 55 55 46 58 8 9 26 0 16 10 11 4 7 3 21 6 3 7 7 11 19 9 5 14 1 5 1 9 4 8 7 5 7 15 6 1 17 4 10 3 15 11 6 4 52 68 51 57 51 72 44 54 50 46
21 10 7 7 6 9 35 12 12 6 5 6 20 1 9 13 1 13 14 6 1 11 6 9 2 11 3 4 12 4 2 2 16 2 0 3 5 19 3 14 49 53 43 45 53 49 65 51 57 51 15 6 5 0 6 2 9 4 0 5 4 12 6 17 3 5 10 3 11 6 8 3 8 10 4 10 18 13 3 13 1 0 21 14 9 11 12 12 2 24 50 48 45 45 67 49 56 46 58 60
1 1 2 4 6 4 9 4 20 12 0 2 2 3 12 18 15 17 23 9 18 12 5 6 4 15 0 0 10 11 3 3 17 17 6 9 0 12 10 21 56 49 46 46 45 68 51 49 68 57 7 8 7 6 3 0 7 4 5 11 9 4 21 5 4 2 6 9 11 22 11 0 0 1 1 8 6 2 13 5 8 1 3 1 14 4 5 2 9 5 56 57 54 44 46 53 56 44 52 48
13 10 12 11 22 3 1 16 4 10 5 6 12 3 10 2 0 5 1 3 5 10 2 1 8 14 10 3 4 3 21 10 21 8 5 3 0 8 3 11 45 40 58 73 53 42 47 52 53 46 16 6 3 22 18 5 3 12 1 12 25 3 0 5 1 2 5 16 11 14 15 5 6 9 13 3 3 1 4 14 8 2 3 20 1 8 11 0 15 6 53 50 43 47 53 46 47 59 49 65
8 7 2 10 7 15 12 9 0 8 0 12 1 7 17 2 8 11 23 10 7 1 8 4 16 19 10 3 3 7 6 1 12 1 14 1 19 11 0 22 44 49 52 48 53 57 51 66 51 47 9 7 8 9 4 1 7 12 9 5 9 9 21 1 28 6 4 12 9 2 10 15 11 2 2 0 6 7 5 7 6 9 12 4 14 16 5 1 6 15 47 44 48 49 57 43 68 59 55 53
13 18 2 27 2 3 15 15 13 13 16 0 15 7 1 4 12 3 25 10 6 0 1 16 2 3 4 2 7 4 3 8 5 3 7 4 4 9 7 15 44 49 62 48 63 48 72 54 47 58 3 7 6 4 14 7 16 2 6 3 15 6 5 10 6 9 5 7 10 19 6 6 1 14 0 11 15 5 3 1 1 4 11 1 6 15 7 13 9 5 50 56 68 55 50 54 57 49 54 54
11 5 1 0 1 7 8 3 1 11 10 16 5 11 0 8 1 4 7 1 3 10 8 0 6 11 5 8 15 9 4 9 20 6 10 0 6 16 2 5 52 46 66 43 57 64 44 46 54 58 6 11 2 7 21 15 8 5 4 16 15 15 11 2 9 4 14 8 3 0 19 8 16 4 15 18 13 8 1 2 24 12 15 8 21 7 7 5 5 9 56 55 58 46 47 60 52 43 43 49
22 4 13 4 6 0 1 12 0 18 4 2 10 19 3 7 4 0 5 9 5 4 10 6 3 0 2 15 2 17 30 7 3 8 5 1 2 19 7 12 55 43 47 43 47 69 55 52 54 64 3 8 14 3 7 17 13 1 9 5 20 6 10 2 7 7 3 2 5 3 1 9 4 8 1 2 16 36 9 7 8 2 2 1 3 16 4 23 12 0 46 46 52 46 57 50 64 50 47 47
1 14 2 3 6 4 0 5 1 0 3 7 6 2 13 14 4 4 14 7 8 9 0 10 1 3 0 1 2 26 7 6 3 5 12 4 7 10 9 11 65 43 41 59 48 59 50 45 67 44 10 15 4 15 15 6 12 4 4 24 4 7 7 9 0 9 17 0 1 5 39 16 9 5 10 0 20 18 17 14 9 5 2 19 1 1 7 14 1 2 47 49 41 46 50 54 53 67 61 57
8 0 2 9 14 13 15 2 1 5 1 15 5 18 9 0 14 9 19 6 16 28 5 4 10 14 2 6 9 6 0 9 15 7 5 6 15 0 0 11 48 52 46 43 56 61 45 42 45 51 20 16 8 14 11 6 19 9 19 2 1 16 6 20 14 15 5 18 12 20 4 11 13 8 6 0 3 5 4 10 11 9 5 7 9 20 13 9 5 17 56 49 52 46 49 58 44 49 53 57
7 5 13 3 13 3 3 17 3 5 11 11 2 2 10 9 18 23 5 10 2 3 3 2 1 5 6 17 7 4 9 1 8 1 2 12 2 15 10 1 49 47 51 54 44 52 54 54 65 53 5 25 8 10 0 3 2 0 3 13 6 3 10 0 9 7 0 6 16 12 5 9 2 4 13 7 3 5 11 13 11 12 11 11 6 0 9 21 9 2 46 50 64 45 42 59 47 78 52 60
11 16 9 17 8 8 5 6 18 16 2 10 18 10 24 0 0 2 1 10 0 10 14 8 19 2 9 41 3 5 13 5 25 3 1 2 8 2 1 23 53 43 53 59 58 46 54 64 52 54 8 7 2 3 0 14 9 13 6 18 15 4 11 7 2 0 11 4 8 7 11 7 5 11 8 28 1 2 4 11 3 3 23 31 1 4 10 8 3 1 53 50 56 53 55 47 44 52 55 53
4 2 7 0 3 16 11 11 17 1 12 4 11 3 7 3 11 2 13 22 12 1 8 1 2 2 16 5 0 9 9 1 3 12 0 15 9 11 11 13 64 48 54 44 55 49 50 55 46 59 30 14 5 5 6 12 6 15 7 10 11 4 1 3 10 3 6 8 5 0 16 3 1 4 3 20 10 1 2 1 10 4 7 17 17 15 3 1 24 9 48 55 61 44 60 47 60 51 59 61
17 0 1 19 12 15 7 17 4 2 6 2 8 10 11 3 8 5 18 5 1 4 14 14 5 12 6 0 11 15 6 5 12 8 10 10 4 23 2 11 43 47 52 61 57 45 53 60 46 46 0 13 5 8 16 4 4 22 34 5 2 9 4 21 8 4 0 18 9 6 0 6 9 11 8 14 9 7 2 5 11 3 6 10 7 8 4 3 2 14 40 51 57 60 47 50 48 57 50 52
7 6 13 4 2 7 11 15 9 9 6 6 7 6 4 13 7 6 0 1 4 11 4 5 8 24 15 3 15 14 3 4 6 13 16 3 12 14 16 16 51 52 42 47 43 41 53 51 49 49 1 12 0 6 5 6 1 14 17 14 7 8 1 12 1 4 22 5 1 16 27 0 12 9 20 8 8 3 16 7 3 9 6 5 6 6 1 1 0 6 50 50 65 58 68 49 53 49 57 51
11 4 2 7 3 23 8 16 0 4 6 16 7 9 23 1 10 2 15 5 9 5 7 9 10 15 16 0 1 3 6 8 6 10 9 13 8 12 13 9 55 45 55 48 49 55 62 47 53 50 21 13 5 22 0 13 13 13 6 1 10 1 18 20 2 11 4 0 18 1 21 4 4 11 2 23 6 10 2 10 15 3 4 15 19 7 5 14 9 7 47 41 61 57 48 50 42 44 56 46
9 8 1 4 5 3 17 6 9 16 2 5 0 4 18 28 8 25 22 4 17 3 4 2 1 3 12 13 10 8 11 4 2 2 5 0 4 9 11 2 55 49 54 57 55 64 55 58 47 50 0 8 13 4 7 1 7 1 6 11 1 2 24 6 18 2 3 0 18 0 6 17 1 13 5 6 21 8 20 23 1 3 6 3 3 8 8 8 7 7 49 56 59 58 52 49 50 63 45 43
5 0 3 1 8 4 9 5 6 23 14 20 7 4 3 15 12 2 11 5 7 6 12 0 11 6 10 4 1 0 11 0 4 2 3 1 0 14 7 14 59 60 62 49 44 46 47 68 71 50 4 17 9 4 4 18 6 2 1 8 0 10 14 0 13 37 1 5 3 11 11 1 7 11 11 18 20 12 8 5 9 0 3 14 2 8 6 0 17 15 55 44 75 50 46 47 41 44 48 46
2 2 4 2 3 9 2 10 0 2 28 6 7 10 13 14 1 13 5 15 2 2 12 13 2 1 10 1 4 0 12 1 5 6 14 13 4 7 5 2 54 56 44 63 48 55 50 45 46 57 15 3 9 7 12 3 19 12 8 10 2 5 2 1 5 4 8 15 7 1 6 0 3 2 1 5 4 26 1 11 16 13 6 4 1 8 7 15 2 21 53 61 55 48 44 48 52 49 56 57
4 11 4 5 13 0 14 2 5 5 17 12 8 8 4 8 12 10 15 6 13 6 3 4 5 1 10 8 0 1 6 5 2 1 7 5 15 0 1 19 40 60 59 51 61 47 42 59 54 49 9 22 16 0 6 1 16 14 11 5 5 3 5 26 8 21 1 1 0 4 7 5 8 21 9 7 2 10 3 13 11 4 4 15 11 10 10 8 2 2 48 51 56 49 49 44 62 52 48 50
14 8 3 10 9 7 0 9 3 18 0 2 3 21 7 6 12 4 15 9 4 13 5 7 11 5 11 16 15 11 14 5 7 1 7 4 1 3 9 13 57 40 48 49 49 58 48 50 51 42 18 0 15 10 27 9 2 13 1 15 1 12 7 2 18 19 3 4 2 4 0 0 3 19 10 6 2 6 0 9 11 11 3 2 10 13 1 6 1 17 68 41 56 53 43 47 48 45 46 52
0 3 4 14 2 4 8 3 6 0 4 13 0 7 18 2 6 6 6 18 9 11 4 0 7 1 21 8 4 17 0 9 5 4 10 12 4 5 4 7 48 51 49 52 47 54 59 67 58 42 15 7 9 16 4 15 1 8 4 0 9 10 6 6 16 9 16 3 6 0 10 13 4 16 2 0 7 21 2 0 0 3 7 10 5 4 5 9 0 13 48 66 43 65 54 44 52 43 47 49
1 2 2 8 4 7 0 5 0 6 13 2 3 1 0 2 4 8 0 12 3 15 1 7 15 4 8 8 0 13 23 12 11 5 14 0 2 24 0 10 51 50 68 43 49 48 41 57 64 66 8 2 1 10 1 4 7 1 0 7 1 5 13 4 4 5 10 4 9 7 14 6 4 4 1 5 9 2 4 14 9 6 1 6 0 0 5 9 10 1 50 63 45 53 53 41 54 49 52 47
4 13 5 19 15 5 21 5 7 2 20 15 0 4 0 10 12 12 19 10 13 16 11 1 8 9 1 7 12 12 1 1 1 14 5 7 8 1 1 4 51 53 54 54 50 61 61 41 59 61 3 6 7 15 0 5 1 5 11 1 6 9 0 5 23 11 3 2 6 2 3 2 2 13 7 0 12 5 15 13 19 5 14 9 6 10 16 2 7 11 45 53 50 56 66 49 61 43 51 57
0 3 6 8 1 7 14 4 10 5 11 0 14 0 13 13 7 0 15 5 11 4 26 7 2 3 0 7 4 11 2 6 8 6 6 13 1 4 15 5 44 46 61 55 48 53 49 61 64 57 11 4 6 9 16 4 1 12 9 5 4 8 1 0 26 10 12 8 2 17 14 4 1 6 11 1 2 5 6 7 1 0 4 10 11 2 6 0 12 8 48 56 53 56 58 46 49 52 42 40
7 7 0 16 3 8 0 11 6 4 6 37 22 1 1 1 1 20 5 2 7 16 2 9 0 0 13 1 12 18 14 12 14 10 0 0 10 8 15 2 61 55 51 47 62 60 45 48 47 45 6 6 2 12 0 2 20 11 4 1 2 26 0 1 0 4 4 5 2 11 28 5 4 11 4 16 12 3 13 0 1 1 8 0 9 10 13 4 18 8 46 50 59 50 46 50 53 54 51 42
8 6 3 18 9 3 27 9 6 5 0 8 4 3 9 10 7 5 1 13 23 9 4 0 1 23 6 13 7 13 4 0 2 7 5 6 5 17 12 9 68 52 51 54 54 48 53 54 51 47 16 9 23 0 4 3 9 18 0 7 0 15 5 9 9 0 23 17 4 5 12 2 9 17 4 13 3 6 10 2 3 9 7 2 1 0 2 13 14 11 47 48 55 45 58 48 51 58 50 47
8 4 11 0 8 1 3 19 0 5 3 6 12 4 16 12 15 15 1 7 7 10 9 21 10 6 5 6 6 0 2 5 3 7 7 3 19 14 1 15 58 48 53 53 50 43 48 54 46 51 3 11 32 15 14 5 11 11 3 4 1 0 5 18 10 20 16 14 15 6 5 10 30 25 3 0 15 2 5 12 26 5 31 9 8 9 2 4 6 6 48 52 50 64 40 45 51 58 41 59
11 12 7 3 2 11 8 1 16 11 12 12 12 10 0 1 2 18 4 5 11 15 0 1 20 10 5 13 6 8 14 5 1 18 12 16 11 16 8 10 69 50 51 67 48 44 51 54 60 50 4 1 12 14 6 3 1 0 15 8 15 9 0 3 9 1 3 12 12 10 9 5 17 16 11 6 2 15 4 12 1 10 8 1 14 6 2 10 0 9 51 51 59 47 48 55 61 59 53 51
0 3 6 3 9 1 0 9 9 1 2 14 10 8 7 6 8 3 3 18 12 15 6 1 22 15 7 7 6 4 5 10 12 7 8 5 5 2 12 3 65 52 53 50 44 61 48 45 55 50 15 4 5 2 3 7 9 11 0 10 17 11 0 0 9 2 1 5 4 5 6 28 5 10 16 13 12 7 10 13 5 10 10 11 2 15 12 11 2 3 51 46 46 47 46 50 48 57 46 58
1 11 1 10 13 5 2 1 10 17 16 10 3 0 16 7 19 2 7 6 11 8 19 14 2 3 10 8 0 5 4 3 3 9 8 9 4 1 2 25 61 57 45 54 52 72 67 50 48 47 10 2 16 17 16 9 7 9 22 18 12 2 17 8 20 12 14 2 4 2 2 7 2 2 11 9 1 12 26 14 0 19 9 16 0 5 9 5 3 15 46 50 54 51 44 60 55 52 53 45
8 6 7 2 3 10 19 6 0 19 6 1 11 14 18 1 15 11 25 17 3 16 8 9 10 4 2 3 9 12 8 22 20 1 6 6 10 7 17 1 44 51 46 48 55 44 50 53 46 51 2 5 6 24 25 11 0 7 23 22 0 3 22 1 12 6 9 16 3 2 4 2 1 2 12 4 11 9 2 1 15 4 4 14 5 9 19 2 5 15 44 49 50 49 57 47 73 47 47 53
12 6 10 2 5 4 2 10 10 9 13 0 9 1 0 5 10 3 10 10 2 22 1 1 17 1 15 4 4 20 12 7 22 7 0 6 0 10 7 0 48 51 43 53 53 56 48 57 60 43 3 13 1 9 13 6 5 5 3 3 10 17 4 16 4 17 15 13 24 7 1 10 9 1 3 14 7 6 0 5 3 6 1 14 6 1 12 5 3 9 60 47 52 56 52 72 56 59 50 43
2 5 5 3 0 3 22 7 0 10 4 1 11 14 6 9 13 0 13 10 11 4 13 9 7 2 17 4 15 6 12 7 2 3 7 0 4 6 6 2 50 54 51 64 61 45 46 50 40 54 17 4 1 1 18 1 1 11 10 3 2 5 9 13 7 8 11 2 9 11 3 12 22 0 0 1 10 6 19 5 16 16 0 12 12 2 3 12 0 1 52 45 59 55 54 52 44 54 45 49
5 15 7 6 3 5 2 15 6 3 9 0 1 2 3 2 1 8 7 2 5 12 7 16 7 1 0 12 2 5 5 1 0 12 5 11 9 3 4 6 53 58 44 61 51 45 44 54 40 52 8 10 3 1 10 9 5 6 6 4 17 26 1 20 1 10 11 1 4 1 6 16 2 1 6 3 0 9 9 0 3 9 1 6 15 20 2 11 1 2 48 76 42 50 66 44 68 52 41 51
1 3 4 0 1 18 10 1 6 19 3 4 11 11 2 7 6 14 3 2 6 14 3 10 4 5 9 8 3 10 3 3 0 7 1 0 0 10 11 10 50 53 44 44 47 42 50 57 43 41 0 5 9 10 8 8 3 0 11 22 0 9 14 17 2 8 4 0 18 14 9 4 9 5 0 7 6 17 7 15 8 10 5 6 6 27 1 2 3 2 57 46 52 52 51 42 52 51 51 44
0 5 8 7 17 1 7 18 6 2 3 10 1 12 3 0 3 5 1 23 19 2 0 2 7 19 12 10 8 19 5 13 1 0 3 2 4 9 5 11 48 44 47 47 45 55 50 51 48 56 23 7 7 7 4 9 7 0 6 16 6 5 15 6 1 5 14 10 2 2 11 17 3 8 2 4 5 24 2 5 21 11 0 20 1 2 5 5 13 4 61 40 56 58 64 57 56 59 57 51
0 8 9 10 12 0 3 0 17 7 15 8 0 12 28 0 8 0 14 9 2 0 13 0 14 26 1 17 8 3 9 16 2 3 2 1 14 9 0 9 45 55 53 42 67 56 52 59 48 54 2 2 3 1 5 1 8 6 7 0 8 10 8 11 5 6 12 8 15 4 0 2 7 2 24 8 4 8 7 11 5 9 25 0 1 8 0 16 15 1 50 51 48 53 48 56 58 43 44 57
8 2 15 19 11 8 6 9 6 17 11 7 1 22 12 1 7 6 4 5 3 9 5 0 1 17 11 15 22 12 9 0 10 2 5 10 12 10 8 8 66 47 47 61 56 51 59 49 44 46 19 12 6 6 2 7 6 1 1 5 18 2 2 0 7 7 29 5 10 4 0 0 9 16 19 4 11 3 14 17 0 0 3 8 2 13 7 8 3 18 55 48 51 51 49 47 56 53 46 55
8 1 0 13 5 7 0 0 3 6 12 5 13 12 6 2 5 1 10 4 6 8 0 10 5 7 10 9 12 3 10 13 14 7 16 2 0 10 18 3 54 47 54 51 54 58 48 45 62 52 16 0 11 18 17 4 1 4 2 1 4 0 6 15 13 15 4 10 7 0 4 5 15 6 2 3 7 3 18 17 7 0 11 5 22 6 13 21 11 4 45 47 61 48 48 56 52 56 52 53
11 8 2 2 1 21 12 18 11 2 3 3 9 5 7 18 10 21 11 9 8 42 4 7 5 2 11 2 20 13 4 13 15 17 9 4 5 17 2 2 54 47 46 50 49 56 51 43 61 47 15 16 5 6 10 12 19 4 1 7 18 8 3 13 8 3 0 11 3 16 6 7 17 9 3 11 9 10 9 13 13 8 2 5 2 4 8 0 5 7 60 53 54 43 48 53 46 43 44 56
14 16 10 15 8 2 12 4 12 5 12 5 23 0 5 3 8 10 6 0 2 3 7 5 15 4 3 6 14 11 5 12 1 4 3 9 3 2 4 12 64 64 51 49 46 49 52 54 61 51 6 7 4 18 14 0 12 14 8 1 3 4 6 20 9 1 4 14 6 5 1 1 7 9 1 4 9 6 3 11 6 12 1 9 8 11 18 2 3 3 48 52 58 58 46 47 48 62 72 41
2 14 6 2 14 19 8 22 4 9 18 8 9 0 5 0 7 2 3 9 3 1 7 0 5 23 9 10 4 11 0 16 3 10 7 0 0 8 15 2 55 48 52 53 43 60 46 59 53 48 8 6 12 10 0 1 0 14 1 3 10 2 4 14 0 5 9 17 5 1 3 5 1 14 14 4 6 3 8 1 3 6 4 2 13 0 8 19 4 14 49 63 47 55 41 62 48 59 62 58
2 15 0 12 7 13 22 0 12 1 15 10 13 15 2 16 2 6 12 0 8 9 9 4 4 15 4 8 10 7 6 2 14 3 3 12 10 17 19 3 45 44 49 46 65 44 42 54 54 50 5 6 12 7 1 5 18 12 2 2 6 11 2 17 3 10 10 21 5 17 5 14 3 11 4 1 6 6 1 13 3 1 4 1 3 2 1 1 6 5 48 47 61 58 50 49 58 60 46 49
0 1 2 0 11 2 13 0 5 2 7 12 0 6 0 1 10 11 10 4 0 0 1 17 1 12 8 1 3 2 6 4 4 11 10 11 12 10 12 0 47 56 45 45 46 67 56 47 62 49 8 9 12 7 10 3 2 7 7 15 7 15 4 0 12 6 0 7 12 3 2 0 18 0 9 7 6 16 1 1 15 8 5 16 14 4 3 3 9 1 57 57 69 56 51 64 45 41 58 54
5 11 5 9 3 3 7 6 12 4 3 12 3 11 2 21 7 16 12 0 2 5 10 4 5 5 8 7 5 11 1 1 3 14 11 10 7 6 17 17 62 76 48 47 50 51 53 51 62 42 17 4 11 7 20 13 8 5 15 5 0 13 5 2 17 4 1 0 8 6 6 0 17 10 15 8 3 10 3 3 9 3 6 8 35 0 5 8 14 7 59 56 40 42 65 46 45 50 58 54
19 11 15 2 0 11 2 1 3 3 15 11 4 0 17 5 2 10 0 1 15 10 11 11 5 17 4 11 2 5 5 5 5 6 3 6 1 1 7 5 43 56 53 61 47 49 48 59 49 53 1 13 5 16 19 2 0 20 1 3 0 25 1 3 5 26 6 12 0 6 6 8 7 1 22 5 16 2 14 9 4 15 7 6 1 5 6 13 7 2 43 54 50 60 42 48 43 50 50 48
6 11 3 2 11 3 8 0 16 0 1 0 6 4 4 21 3 0 7 18 2 0 6 4 12 6 9 7 0 2 15 13 1 3 7 6 7 5 2 5 50 49 52 60 54 52 66 52 50 61 13 14 5 7 12 29 3 1 7 6 7 4 1 5 0 2 10 11 13 9 6 2 12 12 1 6 3 1 2 8 6 5 0 11 1 5 11 12 15 1 57 45 62 51 51 54 75 61 49 48
8 1 12 4 3 5 2 14 2 6 9 1 7 15 12 5 7 1 7 10 1 1 5 10 16 6 15 6 10 1 16 14 9 4 8 3 0 14 15 12 58 44 56 46 53 52 51 43 54 54 16 1 8 1 10 5 10 0 16 3 5 1 1 15 6 5 3 8 6 5 13 10 7 5 4 9 2 8 20 1 13 1 12 12 1 15 8 27 8 27 55 45 60 49 45 51 53 65 51 57
